# Created by Octave 7.3.0, Tue Jun 24 19:21:04 2025 UTC <jovyan@b81758369fe5>
# name: results
# type: scalar struct
# ndims: 2
 1 1
# length: 10
# name: params
# type: scalar struct
# ndims: 2
 1 1
# length: 7
# name: FeT
# type: scalar
1.0000000000000001e-05


# name: PT
# type: scalar
1.0000000000000001e-05


# name: peINT
# type: scalar
5.75


# name: HFOsi
# type: scalar
0.0050000000000000001


# name: HFOwi
# type: scalar
0.20000000000000001


# name: ASFs
# type: scalar
1


# name: ASFw
# type: scalar
1




# name: pH_vector
# type: double_range
# base, limit, increment
2 12 0.20000000000000001


# name: solution_X
# type: matrix
# rows: 7
# columns: 51
 -15.170110798885243 -15.370141996807359 -15.570172676777815 -15.77019993821982 -15.970222068899631 -16.170238762371831 -16.370250685648067 -16.570258900062949 -16.770264462721141 -16.970268254769707 -17.170270957613777 -17.37027309715787 -17.57027511097818 -17.770277422299429 -17.97028052134651 -18.170285063428388 -18.370291998243122 -18.570302747812757 -18.770319448743635 -18.970345259453889 -19.170384685273028 -19.370443761916434 -19.570529735550856 -19.77064965325679 -19.970807368774185 -20.170999501702145 -20.371212900804728 -20.571427005867012 -20.771621296527158 -20.971783083239551 -21.171910990738972 -21.372015128968503 -21.652248789342021 -21.952407900883582 -22.253682444402614 -22.556943714844664 -22.863059068484016 -23.309000000000001 -23.909000000000002 -24.509000000000004 -25.109000000000002 -25.709 -26.309000000000005 -26.908999999999995 -27.509000000000007 -28.108999999999998 -28.709 -29.309000000000005 -29.909000000000006 -30.604093190975668 -31.40376619604983
 -20.946215254249772 -20.438468872109155 -19.95351796180773 -19.489873870718316 -19.044320724359913 -18.612913233790518 -18.191868876663708 -17.778060433553147 -17.369139528114555 -16.96345212491153 -16.559884161763797 -16.157712133627513 -15.756486082037741 -15.355948788856445 -14.955986792790029 -14.556608134059369 -14.157943944545316 -13.760274100793653 -13.364080203348351 -12.970131119967448 -12.57960494273239 -12.194241469326952 -11.816492822682669 -11.449589141976286 -11.097373615349408 -10.76375196279065 -10.451760229529889 -10.162594266751121 -9.8951706845207035 -9.6465259306723947 -9.4127733806486233 -9.190049102355486 -9.0266268159869654 -8.8763881486746321 -8.7244763333960762 -8.5695844277329982 -8.4104113972739736 -8.0414999999999992 -7.8390915996692749 -7.6431355478621397 -7.4445408324800262 -7.2449005067200183 -7.0448166994320678 -6.8444842273406925 -6.6439224342810999 -6.4430610417576828 -6.2417689369054976 -6.0398673541730314 -5.8371540362696752 -5.6547245230464149 -5.5076173695888251
 -37.575252903689695 -37.682766922857461 -37.767688356620532 -37.831387145551538 -37.877058917253038 -37.908664953026751 -37.930027490638828 -37.944341088199089 -37.954061945171723 -37.961014466813907 -37.966580318080574 -37.971900746136619 -37.978071987379288 -37.986337251226466 -37.998281932146483 -38.01602261287853 -38.042340511096278 -38.080646923892353 -38.134617002091801 -38.207386530814148 -38.30047102547698 -38.412917177253981 -38.541235849132448 -38.680222306198722 -38.824298732637509 -38.968953478642284 -39.111960405361344 -39.253963048810633 -39.397954142347679 -39.547701603062393 -39.706002270015375 -39.880877905753195 -40 -40 -40 -40 -40 -26.039066558347322 -26.15477523255317 -26.330635742961061 -26.523438452081074 -26.724386631562655 -26.931047213101625 -27.144044038026472 -27.366438987597867 -27.604827665104889 -27.873455890931435 -28.209760346337379 -28.784212661913585 -39.257603630039846 -40
 -36.073102830856151 -36.180664612389037 -36.26559210652551 -36.329279649845041 -36.374927036616043 -36.406492270765483 -36.427789452249904 -36.441999366268902 -36.451556228230551 -36.458249882610417 -36.463408148070108 -36.468089299813329 -36.473263864615028 -36.479989657680633 -36.489590356624461 -36.503838956904545 -36.525119369811485 -36.556486677497055 -36.601481543377133 -36.663542020685945 -36.745012944529648 -36.84610149598447 -36.964387069887259 -37.095285626027064 -37.233324412896451 -37.373746045892176 -37.513939168075922 -37.65416405807575 -37.797091622785302 -37.946240660103662 -38.104226117253987 -38.278946173714218 -38.407390183124932 -38.533496003597399 -38.669335896048814 -38.812940181583336 -40 -24.437007181797856 -24.552715501771612 -24.728575855805079 -24.921378502337678 -25.122326656818306 -25.3289872283829 -25.5419840493315 -25.764378997318566 -26.002767674194523 -26.27139589976975 -26.607700355075622 -27.182152670611977 -37.655543638756413 -40
 9.9999999999999995e-21 9.9999999999999995e-21 9.9999999999999995e-21 9.9999999999999995e-21 9.9999999999999995e-21 9.9999999999999995e-21 9.9999999999999995e-21 9.9999999999999995e-21 9.9999999999999995e-21 9.9999999999999995e-21 9.9999999999999995e-21 9.9999999999999995e-21 9.9999999999999995e-21 9.9999999999999995e-21 9.9999999999999995e-21 9.9999999999999995e-21 9.9999999999999995e-21 9.9999999999999995e-21 9.9999999999999995e-21 9.9999999999999995e-21 9.9999999999999995e-21 9.9999999999999995e-21 9.9999999999999995e-21 9.9999999999999995e-21 9.9999999999999995e-21 9.9999999999999995e-21 9.9999999999999995e-21 9.9999999999999995e-21 9.9999999999999995e-21 9.9999999999999995e-21 9.9999999999999995e-21 9.8380497684124901e-21 9.7585533051052845e-21 9.7150285539899255e-21 9.6886336929020891e-21 9.6898605229289778e-21 1.0000575219963407e-30 7.5592463808326788e-06 9.1672049755157211e-06 9.5601939313509534e-06 9.6622325025104711e-06 9.6166260335177729e-06 9.4618062521743507e-06 9.1835732101774895e-06 8.7295208280432865e-06 8.0046874229707939e-06 6.8538298549563218e-06 5.0290176205922848e-06 2.1365561938359235e-06 1.0000000000000001e-30 1.0000000000000001e-30
 9.9999999999999995e-21 9.9999999999999995e-21 9.9999999999999995e-21 9.9999999999999995e-21 9.9999999999999995e-21 9.9999999999999995e-21 9.9999999999999995e-21 9.9999999999999995e-21 9.9999999999999995e-21 9.9999999999999995e-21 9.9999999999999995e-21 9.9999999999999995e-21 9.9999999999999995e-21 9.9999999999999995e-21 9.9999999999999995e-21 9.9999999999999995e-21 9.9999999999999995e-21 9.9999999999999995e-21 9.9999999999999995e-21 9.9999999999999995e-21 9.9999999999999995e-21 9.9999999999999995e-21 9.9999999999999995e-21 9.9999999999999995e-21 9.9999999999999995e-21 9.9999999999999995e-21 9.9999999999999995e-21 9.9999999999999995e-21 9.9999999999999995e-21 9.9999999999999995e-21 9.9999999999999995e-21 9.8545697545670408e-21 9.7831796889181205e-21 9.7467760408778215e-21 9.7467760403006294e-21 9.7279119241565082e-21 9.7279119241559109e-21 9.7279119241559109e-21 9.7279119241559109e-21 9.7279119241559109e-21 9.7279119241559109e-21 9.7279119241559109e-21 9.7279119241559109e-21 9.7279119241559109e-21 9.7279119241559109e-21 9.7279119241559109e-21 9.7279119241559109e-21 9.7279119241559109e-21 9.7279119241559109e-21 9.7279119241559109e-21 9.7279119241559109e-21
