{
 "cells": [
  {
   "cell_type": "code",
   "execution_count": 1,
   "id": "42cecf08-311a-49f2-b4ba-69e46779d4a8",
   "metadata": {},
   "outputs": [
    {
     "data": {
      "application/vnd.plotly.v1+json": {
       "data": [
        {
         "autocolorscale": "false",
         "cauto": "false",
         "cmax": 1,
         "cmin": -0.21718431835123952,
         "colorscale": [
          [
           0,
           "rgb(68,1,84)"
          ],
          [
           0.015873015873015872,
           "rgb(69,6,90)"
          ],
          [
           0.031746031746031744,
           "rgb(70,12,95)"
          ],
          [
           0.047619047619047616,
           "rgb(71,18,101)"
          ],
          [
           0.06349206349206349,
           "rgb(72,24,106)"
          ],
          [
           0.07936507936507936,
           "rgb(72,29,111)"
          ],
          [
           0.09523809523809523,
           "rgb(72,35,115)"
          ],
          [
           0.1111111111111111,
           "rgb(71,40,119)"
          ],
          [
           0.12698412698412698,
           "rgb(71,45,123)"
          ],
          [
           0.14285714285714285,
           "rgb(70,50,126)"
          ],
          [
           0.15873015873015872,
           "rgb(68,55,129)"
          ],
          [
           0.1746031746031746,
           "rgb(67,60,132)"
          ],
          [
           0.19047619047619047,
           "rgb(65,64,134)"
          ],
          [
           0.20634920634920634,
           "rgb(64,69,135)"
          ],
          [
           0.2222222222222222,
           "rgb(62,74,137)"
          ],
          [
           0.23809523809523808,
           "rgb(60,78,138)"
          ],
          [
           0.25396825396825395,
           "rgb(58,83,139)"
          ],
          [
           0.2698412698412698,
           "rgb(56,87,140)"
          ],
          [
           0.2857142857142857,
           "rgb(54,91,140)"
          ],
          [
           0.30158730158730157,
           "rgb(52,95,141)"
          ],
          [
           0.31746031746031744,
           "rgb(50,99,141)"
          ],
          [
           0.3333333333333333,
           "rgb(48,103,141)"
          ],
          [
           0.3492063492063492,
           "rgb(46,107,142)"
          ],
          [
           0.36507936507936506,
           "rgb(45,111,142)"
          ],
          [
           0.38095238095238093,
           "rgb(43,115,142)"
          ],
          [
           0.3968253968253968,
           "rgb(42,119,142)"
          ],
          [
           0.4126984126984127,
           "rgb(40,123,142)"
          ],
          [
           0.42857142857142855,
           "rgb(39,127,142)"
          ],
          [
           0.4444444444444444,
           "rgb(37,130,142)"
          ],
          [
           0.4603174603174603,
           "rgb(36,134,141)"
          ],
          [
           0.47619047619047616,
           "rgb(34,138,141)"
          ],
          [
           0.49206349206349204,
           "rgb(33,142,140)"
          ],
          [
           0.5079365079365079,
           "rgb(32,146,140)"
          ],
          [
           0.5238095238095238,
           "rgb(31,149,139)"
          ],
          [
           0.5396825396825397,
           "rgb(30,153,138)"
          ],
          [
           0.5555555555555556,
           "rgb(30,157,136)"
          ],
          [
           0.5714285714285714,
           "rgb(31,161,135)"
          ],
          [
           0.5873015873015873,
           "rgb(32,164,133)"
          ],
          [
           0.6031746031746031,
           "rgb(34,168,131)"
          ],
          [
           0.6190476190476191,
           "rgb(38,172,129)"
          ],
          [
           0.6349206349206349,
           "rgb(42,176,126)"
          ],
          [
           0.6507936507936508,
           "rgb(47,179,123)"
          ],
          [
           0.6666666666666666,
           "rgb(53,183,120)"
          ],
          [
           0.6825396825396826,
           "rgb(59,186,117)"
          ],
          [
           0.6984126984126984,
           "rgb(66,190,113)"
          ],
          [
           0.7142857142857143,
           "rgb(73,193,109)"
          ],
          [
           0.7301587301587301,
           "rgb(81,196,104)"
          ],
          [
           0.746031746031746,
           "rgb(90,199,99)"
          ],
          [
           0.7619047619047619,
           "rgb(99,202,94)"
          ],
          [
           0.7777777777777778,
           "rgb(108,205,89)"
          ],
          [
           0.7936507936507936,
           "rgb(117,208,83)"
          ],
          [
           0.8095238095238095,
           "rgb(127,210,77)"
          ],
          [
           0.8253968253968254,
           "rgb(137,213,71)"
          ],
          [
           0.8412698412698413,
           "rgb(148,215,64)"
          ],
          [
           0.8571428571428571,
           "rgb(158,217,57)"
          ],
          [
           0.873015873015873,
           "rgb(169,219,50)"
          ],
          [
           0.8888888888888888,
           "rgb(180,221,43)"
          ],
          [
           0.9047619047619048,
           "rgb(190,223,36)"
          ],
          [
           0.9206349206349206,
           "rgb(201,224,30)"
          ],
          [
           0.9365079365079365,
           "rgb(212,225,26)"
          ],
          [
           0.9523809523809523,
           "rgb(223,227,24)"
          ],
          [
           0.9682539682539683,
           "rgb(233,228,25)"
          ],
          [
           0.9841269841269841,
           "rgb(243,229,30)"
          ],
          [
           1,
           "rgb(253,231,36)"
          ]
         ],
         "contours": {
          "x": {
           "highlight": true,
           "highlightcolor": "rgb(0,0,0)",
           "highlightwidth": 1,
           "show": false
          },
          "y": {
           "highlight": true,
           "highlightcolor": "rgb(0,0,0)",
           "highlightwidth": 1,
           "show": false
          },
          "z": {
           "highlight": true,
           "highlightcolor": "rgb(0,0,0)",
           "highlightwidth": 1,
           "show": false
          }
         },
         "name": "",
         "scene": "scene",
         "showlegend": false,
         "showscale": false,
         "surfacecolor": [
          [
           -0.083953080486421,
           -0.09055631031898005,
           -0.09040808050600241,
           -0.0837627711318176,
           -0.07138082444909925,
           -0.05440211108893698,
           -0.03419544499207778,
           -0.01220413531176664,
           0.010194620318788004,
           0.031802798063087626,
           0.051678659315078174,
           0.06917509919023583,
           0.08394148465088876,
           0.09589513500686996,
           0.1051709694855057,
           0.11205862411281925,
           0.11693572785973218,
           0.1202044300357298,
           0.1222361911609543,
           0.12332778312160111,
           0.12366978082792272,
           0.12332778312160111,
           0.1222361911609543,
           0.1202044300357298,
           0.11693572785973218,
           0.11205862411281925,
           0.1051709694855057,
           0.09589513500686996,
           0.08394148465088876,
           0.06917509919023583,
           0.051678659315078174,
           0.031802798063087626,
           0.010194620318788004,
           -0.01220413531176664,
           -0.03419544499207778,
           -0.05440211108893698,
           -0.07138082444909925,
           -0.0837627711318176,
           -0.09040808050600241,
           -0.09055631031898005,
           -0.083953080486421
          ],
          [
           -0.09055631031898005,
           -0.0902040634662071,
           -0.08258043734308511,
           -0.06849088196757172,
           -0.0492224011058909,
           -0.026369740313461187,
           -0.0016482870198468917,
           0.023283297319843327,
           0.046971662483512346,
           0.06827551929639084,
           0.08642444844747393,
           0.10103045402962835,
           0.11205862411281925,
           0.11976714824940517,
           0.12462873101967743,
           0.12724520114853483,
           0.12826524515773996,
           0.1283123158416879,
           0.1279265923172512,
           0.12752206259908053,
           0.12735785158309032,
           0.12752206259908053,
           0.1279265923172512,
           0.1283123158416879,
           0.12826524515773996,
           0.12724520114853483,
           0.12462873101967743,
           0.11976714824940517,
           0.11205862411281925,
           0.10103045402962835,
           0.08642444844747393,
           0.06827551929639084,
           0.046971662483512346,
           0.023283297319843327,
           -0.0016482870198468917,
           -0.026369740313461187,
           -0.0492224011058909,
           -0.06849088196757172,
           -0.08258043734308511,
           -0.0902040634662071,
           -0.09055631031898005
          ],
          [
           -0.09040808050600241,
           -0.08258043734308511,
           -0.06748455938682858,
           -0.04651632834525181,
           -0.021487018411422993,
           0.0055967337592329365,
           0.03275179761891629,
           0.05821070785744688,
           0.08056777547251111,
           0.09886794630551476,
           0.11263589871869752,
           0.12185080599899388,
           0.12687827817323064,
           0.12837455346289753,
           0.12717881590462413,
           0.12420782709021012,
           0.12036352021663801,
           0.11645970518443034,
           0.11316953799280251,
           0.11099177345003862,
           0.11023164775682681,
           0.11099177345003862,
           0.11316953799280251,
           0.11645970518443034,
           0.12036352021663801,
           0.12420782709021012,
           0.12717881590462413,
           0.12837455346289753,
           0.12687827817323064,
           0.12185080599899388,
           0.11263589871869752,
           0.09886794630551476,
           0.08056777547251111,
           0.05821070785744688,
           0.03275179761891629,
           0.0055967337592329365,
           -0.021487018411422993,
           -0.04651632834525181,
           -0.06748455938682858,
           -0.08258043734308511,
           -0.09040808050600241
          ],
          [
           -0.0837627711318176,
           -0.06849088196757172,
           -0.04651632834525181,
           -0.019830091834600324,
           0.009271208737462204,
           0.03844783735167114,
           0.06555996465948766,
           0.08886394959734366,
           0.10714341747995068,
           0.11976714824940517,
           0.12667628241152237,
           0.1283123158416879,
           0.12550359420100743,
           0.11933086009033247,
           0.11099177345003862,
           0.10168071033822138,
           0.09249449244942909,
           0.08436822162544558,
           0.07803934612563576,
           0.07403354748298417,
           0.07266372810861885,
           0.07403354748298417,
           0.07803934612563576,
           0.08436822162544558,
           0.09249449244942909,
           0.10168071033822138,
           0.11099177345003862,
           0.11933086009033247,
           0.12550359420100743,
           0.1283123158416879,
           0.12667628241152237,
           0.11976714824940517,
           0.10714341747995068,
           0.08886394959734366,
           0.06555996465948766,
           0.03844783735167114,
           0.009271208737462204,
           -0.019830091834600324,
           -0.04651632834525181,
           -0.06849088196757172,
           -0.0837627711318176
          ],
          [
           -0.07138082444909925,
           -0.0492224011058909,
           -0.021487018411422993,
           0.009271208737462204,
           0.04034552942307036,
           0.06917509919023565,
           0.09360197114639435,
           0.11205862411281925,
           0.12366978082792272,
           0.12826524515773996,
           0.1263127748825189,
           0.11878983038848015,
           0.10701911157881101,
           0.09249449244942909,
           0.07672139269560835,
           0.06108957412681195,
           0.04678812084349811,
           0.034763541036676164,
           0.025714104656921515,
           0.02010803137546653,
           0.01821081325788963,
           0.02010803137546653,
           0.025714104656921515,
           0.034763541036676164,
           0.04678812084349811,
           0.06108957412681195,
           0.07672139269560835,
           0.09249449244942909,
           0.10701911157881101,
           0.11878983038848015,
           0.1263127748825189,
           0.12826524515773996,
           0.12366978082792272,
           0.11205862411281925,
           0.09360197114639435,
           0.06917509919023565,
           0.04034552942307036,
           0.009271208737462204,
           -0.021487018411422993,
           -0.0492224011058909,
           -0.07138082444909925
          ],
          [
           -0.05440211108893698,
           -0.026369740313461187,
           0.0055967337592329365,
           0.03844783735167114,
           0.06917509919023565,
           0.09513663192183475,
           0.11431570974878134,
           0.12548496219642083,
           0.12826361014300242,
           0.12307075714044231,
           0.11099177345003862,
           0.09358527340753608,
           0.07266372810861885,
           0.05008083924095236,
           0.027553768705654406,
           0.006539307734329662,
           -0.011828201620775242,
           -0.026740901624377797,
           -0.037676929443328976,
           -0.044335422311673686,
           -0.04656924969982098,
           -0.044335422311673686,
           -0.037676929443328976,
           -0.026740901624377797,
           -0.011828201620775242,
           0.006539307734329662,
           0.027553768705654406,
           0.05008083924095236,
           0.07266372810861885,
           0.09358527340753608,
           0.11099177345003862,
           0.12307075714044231,
           0.12826361014300242,
           0.12548496219642083,
           0.11431570974878134,
           0.09513663192183475,
           0.06917509919023565,
           0.03844783735167114,
           0.0055967337592329365,
           -0.026369740313461187,
           -0.05440211108893698
          ],
          [
           -0.03419544499207778,
           -0.0016482870198468917,
           0.03275179761891629,
           0.06555996465948766,
           0.09360197114639435,
           0.11431570974878134,
           0.1259973563533246,
           0.12792659231725118,
           0.12036352021663796,
           0.10442814585568055,
           0.08188895351031551,
           0.05489794172437546,
           0.025714104656921387,
           -0.003544670533202317,
           -0.03108933985737704,
           -0.05556760817889025,
           -0.07608730365783446,
           -0.09216508010742833,
           -0.10362229026070002,
           -0.11045739135983594,
           -0.11272618533434316,
           -0.11045739135983594,
           -0.10362229026070002,
           -0.09216508010742833,
           -0.07608730365783446,
           -0.05556760817889025,
           -0.03108933985737704,
           -0.003544670533202317,
           0.025714104656921387,
           0.05489794172437546,
           0.08188895351031551,
           0.10442814585568055,
           0.12036352021663796,
           0.12792659231725118,
           0.1259973563533246,
           0.11431570974878134,
           0.09360197114639435,
           0.06555996465948766,
           0.03275179761891629,
           -0.0016482870198468917,
           -0.03419544499207778
          ],
          [
           -0.01220413531176664,
           0.023283297319843327,
           0.05821070785744688,
           0.08886394959734366,
           0.11205862411281925,
           0.12548496219642083,
           0.12792659231725118,
           0.11933086009033242,
           0.10073002057164827,
           0.07403354748298417,
           0.04172893669722684,
           0.006539307734329384,
           -0.028910603867717363,
           -0.06237306335519968,
           -0.09216508010742848,
           -0.11724624292859698,
           -0.13718628372198732,
           -0.15203990602029227,
           -0.16216073044151413,
           -0.16799474194713518,
           -0.16989512610002955,
           -0.16799474194713518,
           -0.16216073044151413,
           -0.15203990602029227,
           -0.13718628372198732,
           -0.11724624292859698,
           -0.09216508010742848,
           -0.06237306335519968,
           -0.028910603867717363,
           0.006539307734329384,
           0.04172893669722684,
           0.07403354748298417,
           0.10073002057164827,
           0.11933086009033242,
           0.12792659231725118,
           0.12548496219642083,
           0.11205862411281925,
           0.08886394959734366,
           0.05821070785744688,
           0.023283297319843327,
           -0.01220413531176664
          ],
          [
           0.010194620318788004,
           0.046971662483512346,
           0.08056777547251111,
           0.10714341747995068,
           0.12366978082792272,
           0.12826361014300242,
           0.12036352021663796,
           0.10073002057164827,
           0.07127669721970736,
           0.034763541036676164,
           -0.005598161285820014,
           -0.04656924969982098,
           -0.0852727380997555,
           -0.11949642025168761,
           -0.14786944654791553,
           -0.16989512610002944,
           -0.18584514751148223,
           -0.1965419044723386,
           -0.2030723800534056,
           -0.20648656651344893,
           -0.20753429350746683,
           -0.20648656651344893,
           -0.2030723800534056,
           -0.1965419044723386,
           -0.18584514751148223,
           -0.16989512610002944,
           -0.14786944654791553,
           -0.11949642025168761,
           -0.0852727380997555,
           -0.04656924969982098,
           -0.005598161285820014,
           0.034763541036676164,
           0.07127669721970736,
           0.10073002057164827,
           0.12036352021663796,
           0.12826361014300242,
           0.12366978082792272,
           0.10714341747995068,
           0.08056777547251111,
           0.046971662483512346,
           0.010194620318788004
          ],
          [
           0.031802798063087626,
           0.06827551929639084,
           0.09886794630551476,
           0.11976714824940517,
           0.12826524515773996,
           0.12307075714044231,
           0.10442814585568055,
           0.07403354748298417,
           0.034763541036676164,
           -0.009740149208450401,
           -0.05556760817889025,
           -0.09904674329208656,
           -0.13718628372198718,
           -0.16799474194713507,
           -0.1906341474155276,
           -0.20539295434280794,
           -0.21349001761920436,
           -0.21674680598529023,
           -0.21718431835123952,
           -0.216611639127673,
           -0.21627319861125363,
           -0.216611639127673,
           -0.21718431835123952,
           -0.21674680598529023,
           -0.21349001761920436,
           -0.20539295434280794,
           -0.1906341474155276,
           -0.16799474194713507,
           -0.13718628372198718,
           -0.09904674329208656,
           -0.05556760817889025,
           -0.009740149208450401,
           0.034763541036676164,
           0.07403354748298417,
           0.10442814585568055,
           0.12307075714044231,
           0.12826524515773996,
           0.11976714824940517,
           0.09886794630551476,
           0.06827551929639084,
           0.031802798063087626
          ],
          [
           0.051678659315078174,
           0.08642444844747393,
           0.11263589871869752,
           0.12667628241152237,
           0.1263127748825189,
           0.11099177345003862,
           0.08188895351031551,
           0.04172893669722684,
           -0.005598161285820014,
           -0.05556760817889025,
           -0.10362229026069987,
           -0.14576084622085064,
           -0.17902916860185095,
           -0.20184753722640733,
           -0.214130137905959,
           -0.21718431835123952,
           -0.21340917115286076,
           -0.20584220588458943,
           -0.19762472637216708,
           -0.19146788690224661,
           -0.18920062382698205,
           -0.19146788690224661,
           -0.19762472637216708,
           -0.20584220588458943,
           -0.21340917115286076,
           -0.21718431835123952,
           -0.214130137905959,
           -0.20184753722640733,
           -0.17902916860185095,
           -0.14576084622085064,
           -0.10362229026069987,
           -0.05556760817889025,
           -0.005598161285820014,
           0.04172893669722684,
           0.08188895351031551,
           0.11099177345003862,
           0.1263127748825189,
           0.12667628241152237,
           0.11263589871869752,
           0.08642444844747393,
           0.051678659315078174
          ],
          [
           0.06917509919023583,
           0.10103045402962835,
           0.12185080599899388,
           0.1283123158416879,
           0.11878983038848015,
           0.09358527340753608,
           0.05489794172437546,
           0.006539307734329384,
           -0.04656924969982098,
           -0.09904674329208656,
           -0.14576084622085064,
           -0.1824957209185415,
           -0.20648656651344902,
           -0.21674680598529023,
           -0.2141431633838851,
           -0.20120962501756748,
           -0.18172834767932736,
           -0.1601386759716983,
           -0.14085981826803676,
           -0.12762490388872832,
           -0.12292234535968115,
           -0.12762490388872832,
           -0.14085981826803676,
           -0.1601386759716983,
           -0.18172834767932736,
           -0.20120962501756748,
           -0.2141431633838851,
           -0.21674680598529023,
           -0.20648656651344902,
           -0.1824957209185415,
           -0.14576084622085064,
           -0.09904674329208656,
           -0.04656924969982098,
           0.006539307734329384,
           0.05489794172437546,
           0.09358527340753608,
           0.11878983038848015,
           0.1283123158416879,
           0.12185080599899388,
           0.10103045402962835,
           0.06917509919023583
          ],
          [
           0.08394148465088876,
           0.11205862411281925,
           0.12687827817323064,
           0.12550359420100743,
           0.10701911157881101,
           0.07266372810861885,
           0.025714104656921387,
           -0.028910603867717363,
           -0.0852727380997555,
           -0.13718628372198718,
           -0.17902916860185095,
           -0.20648656651344902,
           -0.21712242747646693,
           -0.21069928638243304,
           -0.18920062382698197,
           -0.1565509468734512,
           -0.11807062386568173,
           -0.07973947113438767,
           -0.047369932597546224,
           -0.02580359949954218,
           -0.018241919821118502,
           -0.02580359949954218,
           -0.047369932597546224,
           -0.07973947113438767,
           -0.11807062386568173,
           -0.1565509468734512,
           -0.18920062382698197,
           -0.21069928638243304,
           -0.21712242747646693,
           -0.20648656651344902,
           -0.17902916860185095,
           -0.13718628372198718,
           -0.0852727380997555,
           -0.028910603867717363,
           0.025714104656921387,
           0.07266372810861885,
           0.10701911157881101,
           0.12550359420100743,
           0.12687827817323064,
           0.11205862411281925,
           0.08394148465088876
          ],
          [
           0.09589513500686996,
           0.11976714824940517,
           0.12837455346289753,
           0.11933086009033247,
           0.09249449244942909,
           0.05008083924095236,
           -0.003544670533202317,
           -0.06237306335519968,
           -0.11949642025168761,
           -0.16799474194713507,
           -0.20184753722640733,
           -0.21674680598529023,
           -0.21069928638243304,
           -0.18433270827398077,
           -0.14085981826803676,
           -0.08569984788522327,
           -0.02580359949954218,
           0.03123100465680433,
           0.07813689837225159,
           0.10891980905843217,
           0.1196386250556804,
           0.10891980905843217,
           0.07813689837225159,
           0.03123100465680433,
           -0.02580359949954218,
           -0.08569984788522327,
           -0.14085981826803676,
           -0.18433270827398077,
           -0.21069928638243304,
           -0.21674680598529023,
           -0.20184753722640733,
           -0.16799474194713507,
           -0.11949642025168761,
           -0.06237306335519968,
           -0.003544670533202317,
           0.05008083924095236,
           0.09249449244942909,
           0.11933086009033247,
           0.12837455346289753,
           0.11976714824940517,
           0.09589513500686996
          ],
          [
           0.1051709694855057,
           0.12462873101967743,
           0.12717881590462413,
           0.11099177345003862,
           0.07672139269560835,
           0.027553768705654406,
           -0.03108933985737704,
           -0.09216508010742848,
           -0.14786944654791553,
           -0.1906341474155276,
           -0.214130137905959,
           -0.2141431633838851,
           -0.18920062382698197,
           -0.14085981826803676,
           -0.07361120945718704,
           0.005599017906619219,
           0.08817198127300772,
           0.16488545910054983,
           0.22701903139122073,
           0.2674303442391079,
           0.2814429918963131,
           0.2674303442391079,
           0.22701903139122073,
           0.16488545910054983,
           0.08817198127300772,
           0.005599017906619219,
           -0.07361120945718704,
           -0.14085981826803676,
           -0.18920062382698197,
           -0.2141431633838851,
           -0.214130137905959,
           -0.1906341474155276,
           -0.14786944654791553,
           -0.09216508010742848,
           -0.03108933985737704,
           0.027553768705654406,
           0.07672139269560835,
           0.11099177345003862,
           0.12717881590462413,
           0.12462873101967743,
           0.1051709694855057
          ],
          [
           0.11205862411281925,
           0.12724520114853483,
           0.12420782709021012,
           0.10168071033822138,
           0.06108957412681195,
           0.006539307734329662,
           -0.05556760817889025,
           -0.11724624292859698,
           -0.16989512610002944,
           -0.20539295434280794,
           -0.21718431835123952,
           -0.20120962501756748,
           -0.1565509468734512,
           -0.08569984788522327,
           0.005599017906619219,
           0.10891980905843182,
           0.21407939167596163,
           0.3103024882706506,
           0.38748413238022583,
           0.43739091457006757,
           0.45464871341284085,
           0.43739091457006757,
           0.38748413238022583,
           0.3103024882706506,
           0.21407939167596163,
           0.10891980905843182,
           0.005599017906619219,
           -0.08569984788522327,
           -0.1565509468734512,
           -0.20120962501756748,
           -0.21718431835123952,
           -0.20539295434280794,
           -0.16989512610002944,
           -0.11724624292859698,
           -0.05556760817889025,
           0.006539307734329662,
           0.06108957412681195,
           0.10168071033822138,
           0.12420782709021012,
           0.12724520114853483,
           0.11205862411281925
          ],
          [
           0.11693572785973218,
           0.12826524515773996,
           0.12036352021663801,
           0.09249449244942909,
           0.04678812084349811,
           -0.011828201620775242,
           -0.07608730365783446,
           -0.13718628372198732,
           -0.18584514751148223,
           -0.21349001761920436,
           -0.21340917115286076,
           -0.18172834767932736,
           -0.11807062386568173,
           -0.02580359949954218,
           0.08817198127300772,
           0.21407939167596163,
           0.34029790241526753,
           0.4546487134128411,
           0.5457791358771161,
           0.6044743857007537,
           0.6247335019009408,
           0.6044743857007537,
           0.5457791358771161,
           0.4546487134128411,
           0.34029790241526753,
           0.21407939167596163,
           0.08817198127300772,
           -0.02580359949954218,
           -0.11807062386568173,
           -0.18172834767932736,
           -0.21340917115286076,
           -0.21349001761920436,
           -0.18584514751148223,
           -0.13718628372198732,
           -0.07608730365783446,
           -0.011828201620775242,
           0.04678812084349811,
           0.09249449244942909,
           0.12036352021663801,
           0.12826524515773996,
           0.11693572785973218
          ],
          [
           0.1202044300357298,
           0.1283123158416879,
           0.11645970518443034,
           0.08436822162544558,
           0.034763541036676164,
           -0.026740901624377797,
           -0.09216508010742833,
           -0.15203990602029227,
           -0.1965419044723386,
           -0.21674680598529023,
           -0.20584220588458943,
           -0.1601386759716983,
           -0.07973947113438767,
           0.03123100465680433,
           0.16488545910054983,
           0.3103024882706506,
           0.4546487134128411,
           0.5845650558234344,
           0.6876517868450235,
           0.7538717682021521,
           0.7766992383060222,
           0.7538717682021521,
           0.6876517868450235,
           0.5845650558234344,
           0.4546487134128411,
           0.3103024882706506,
           0.16488545910054983,
           0.03123100465680433,
           -0.07973947113438767,
           -0.1601386759716983,
           -0.20584220588458943,
           -0.21674680598529023,
           -0.1965419044723386,
           -0.15203990602029227,
           -0.09216508010742833,
           -0.026740901624377797,
           0.034763541036676164,
           0.08436822162544558,
           0.11645970518443034,
           0.1283123158416879,
           0.1202044300357298
          ],
          [
           0.1222361911609543,
           0.1279265923172512,
           0.11316953799280251,
           0.07803934612563576,
           0.025714104656921515,
           -0.037676929443328976,
           -0.10362229026070002,
           -0.16216073044151413,
           -0.2030723800534056,
           -0.21718431835123952,
           -0.19762472637216708,
           -0.14085981826803676,
           -0.047369932597546224,
           0.07813689837225159,
           0.22701903139122073,
           0.38748413238022583,
           0.5457791358771161,
           0.6876517868450235,
           0.799911210397861,
           0.8718995332790711,
           0.8966951136244035,
           0.8718995332790711,
           0.799911210397861,
           0.6876517868450235,
           0.5457791358771161,
           0.38748413238022583,
           0.22701903139122073,
           0.07813689837225159,
           -0.047369932597546224,
           -0.14085981826803676,
           -0.19762472637216708,
           -0.21718431835123952,
           -0.2030723800534056,
           -0.16216073044151413,
           -0.10362229026070002,
           -0.037676929443328976,
           0.025714104656921515,
           0.07803934612563576,
           0.11316953799280251,
           0.1279265923172512,
           0.1222361911609543
          ],
          [
           0.12332778312160111,
           0.12752206259908053,
           0.11099177345003862,
           0.07403354748298417,
           0.02010803137546653,
           -0.044335422311673686,
           -0.11045739135983594,
           -0.16799474194713518,
           -0.20648656651344893,
           -0.216611639127673,
           -0.19146788690224661,
           -0.12762490388872832,
           -0.02580359949954218,
           0.10891980905843217,
           0.2674303442391079,
           0.43739091457006757,
           0.6044743857007537,
           0.7538717682021521,
           0.8718995332790711,
           0.9475135272247533,
           0.9735458557716262,
           0.9475135272247533,
           0.8718995332790711,
           0.7538717682021521,
           0.6044743857007537,
           0.43739091457006757,
           0.2674303442391079,
           0.10891980905843217,
           -0.02580359949954218,
           -0.12762490388872832,
           -0.19146788690224661,
           -0.216611639127673,
           -0.20648656651344893,
           -0.16799474194713518,
           -0.11045739135983594,
           -0.044335422311673686,
           0.02010803137546653,
           0.07403354748298417,
           0.11099177345003862,
           0.12752206259908053,
           0.12332778312160111
          ],
          [
           0.12366978082792272,
           0.12735785158309032,
           0.11023164775682681,
           0.07266372810861885,
           0.01821081325788963,
           -0.04656924969982098,
           -0.11272618533434316,
           -0.16989512610002955,
           -0.20753429350746683,
           -0.21627319861125363,
           -0.18920062382698205,
           -0.12292234535968115,
           -0.018241919821118502,
           0.1196386250556804,
           0.2814429918963131,
           0.45464871341284085,
           0.6247335019009408,
           0.7766992383060222,
           0.8966951136244035,
           0.9735458557716262,
           1,
           0.9735458557716262,
           0.8966951136244035,
           0.7766992383060222,
           0.6247335019009408,
           0.45464871341284085,
           0.2814429918963131,
           0.1196386250556804,
           -0.018241919821118502,
           -0.12292234535968115,
           -0.18920062382698205,
           -0.21627319861125363,
           -0.20753429350746683,
           -0.16989512610002955,
           -0.11272618533434316,
           -0.04656924969982098,
           0.01821081325788963,
           0.07266372810861885,
           0.11023164775682681,
           0.12735785158309032,
           0.12366978082792272
          ],
          [
           0.12332778312160111,
           0.12752206259908053,
           0.11099177345003862,
           0.07403354748298417,
           0.02010803137546653,
           -0.044335422311673686,
           -0.11045739135983594,
           -0.16799474194713518,
           -0.20648656651344893,
           -0.216611639127673,
           -0.19146788690224661,
           -0.12762490388872832,
           -0.02580359949954218,
           0.10891980905843217,
           0.2674303442391079,
           0.43739091457006757,
           0.6044743857007537,
           0.7538717682021521,
           0.8718995332790711,
           0.9475135272247533,
           0.9735458557716262,
           0.9475135272247533,
           0.8718995332790711,
           0.7538717682021521,
           0.6044743857007537,
           0.43739091457006757,
           0.2674303442391079,
           0.10891980905843217,
           -0.02580359949954218,
           -0.12762490388872832,
           -0.19146788690224661,
           -0.216611639127673,
           -0.20648656651344893,
           -0.16799474194713518,
           -0.11045739135983594,
           -0.044335422311673686,
           0.02010803137546653,
           0.07403354748298417,
           0.11099177345003862,
           0.12752206259908053,
           0.12332778312160111
          ],
          [
           0.1222361911609543,
           0.1279265923172512,
           0.11316953799280251,
           0.07803934612563576,
           0.025714104656921515,
           -0.037676929443328976,
           -0.10362229026070002,
           -0.16216073044151413,
           -0.2030723800534056,
           -0.21718431835123952,
           -0.19762472637216708,
           -0.14085981826803676,
           -0.047369932597546224,
           0.07813689837225159,
           0.22701903139122073,
           0.38748413238022583,
           0.5457791358771161,
           0.6876517868450235,
           0.799911210397861,
           0.8718995332790711,
           0.8966951136244035,
           0.8718995332790711,
           0.799911210397861,
           0.6876517868450235,
           0.5457791358771161,
           0.38748413238022583,
           0.22701903139122073,
           0.07813689837225159,
           -0.047369932597546224,
           -0.14085981826803676,
           -0.19762472637216708,
           -0.21718431835123952,
           -0.2030723800534056,
           -0.16216073044151413,
           -0.10362229026070002,
           -0.037676929443328976,
           0.025714104656921515,
           0.07803934612563576,
           0.11316953799280251,
           0.1279265923172512,
           0.1222361911609543
          ],
          [
           0.1202044300357298,
           0.1283123158416879,
           0.11645970518443034,
           0.08436822162544558,
           0.034763541036676164,
           -0.026740901624377797,
           -0.09216508010742833,
           -0.15203990602029227,
           -0.1965419044723386,
           -0.21674680598529023,
           -0.20584220588458943,
           -0.1601386759716983,
           -0.07973947113438767,
           0.03123100465680433,
           0.16488545910054983,
           0.3103024882706506,
           0.4546487134128411,
           0.5845650558234344,
           0.6876517868450235,
           0.7538717682021521,
           0.7766992383060222,
           0.7538717682021521,
           0.6876517868450235,
           0.5845650558234344,
           0.4546487134128411,
           0.3103024882706506,
           0.16488545910054983,
           0.03123100465680433,
           -0.07973947113438767,
           -0.1601386759716983,
           -0.20584220588458943,
           -0.21674680598529023,
           -0.1965419044723386,
           -0.15203990602029227,
           -0.09216508010742833,
           -0.026740901624377797,
           0.034763541036676164,
           0.08436822162544558,
           0.11645970518443034,
           0.1283123158416879,
           0.1202044300357298
          ],
          [
           0.11693572785973218,
           0.12826524515773996,
           0.12036352021663801,
           0.09249449244942909,
           0.04678812084349811,
           -0.011828201620775242,
           -0.07608730365783446,
           -0.13718628372198732,
           -0.18584514751148223,
           -0.21349001761920436,
           -0.21340917115286076,
           -0.18172834767932736,
           -0.11807062386568173,
           -0.02580359949954218,
           0.08817198127300772,
           0.21407939167596163,
           0.34029790241526753,
           0.4546487134128411,
           0.5457791358771161,
           0.6044743857007537,
           0.6247335019009408,
           0.6044743857007537,
           0.5457791358771161,
           0.4546487134128411,
           0.34029790241526753,
           0.21407939167596163,
           0.08817198127300772,
           -0.02580359949954218,
           -0.11807062386568173,
           -0.18172834767932736,
           -0.21340917115286076,
           -0.21349001761920436,
           -0.18584514751148223,
           -0.13718628372198732,
           -0.07608730365783446,
