# Created by Octave 6.4.0, Fri May 10 13:33:45 2024 UTC <jovyan@d7fe81bfb56f>
# name: X
# type: matrix
# rows: 3
# columns: 1
 1.3407567744405863e-05
 1.3407567744405863e-05
 8.6592432255594139e-05


