# Created by Octave 6.4.0, Fri May 10 13:33:45 2024 UTC <jovyan@d7fe81bfb56f>
# name: Xguess
# type: matrix
# rows: 2
# columns: 1
 0.0001
 0.0001


