# Created by Octave 6.4.0, Tue May 07 14:50:23 2024 UTC <jovyan@d7fe81bfb56f>
# name: X
# type: matrix
# rows: 3
# columns: 1
 1.7976467046721369e-11
 9.999900000017977
 9.9999982023532956e-05


