# Created by Octave 6.4.0, Wed May 08 04:10:14 2024 UTC <jovyan@d7fe81bfb56f>
# name: X
# type: matrix
# rows: 3
# columns: 1
 1.7991041547871356e-07
 0.00099917991041547846
 8.2008958452128621e-07


