# Created by Octave 6.4.0, Wed May 08 01:22:50 2024 UTC <jovyan@d7fe81bfb56f>
# name: oKSOLUTION
# type: matrix
# rows: 9
# columns: 1
 0
 0
 0
 0
 -14
 3.2970999999999999
 5.2988999999999997
 5.1310000000000002
 3.8050000000000002


# name: oKSOLID
# type: scalar
9.7453000000000003


# name: oASOLUTION
# type: matrix
# rows: 9
# columns: 4
 1 0 0 0
 0 1 0 0
 0 0 1 0
 0 0 0 1
 -1 0 0 0
 0 0 1 1
 0 0 1 2
 0 0 1 3
 0 0 1 4


# name: oASOLID
# type: matrix
# rows: 1
# columns: 4
 0 0 1 1


