# Created by Octave 7.3.0, Tue May 07 16:38:53 2024 EDT <ssmith@DSS-Arco-Desktop>
# name: oKSOLUTION
# type: matrix
# rows: 9
# columns: 1
 0
 0
 0
 0
 -14
 3.2970999999999999
 5.2988999999999997
 5.1310000000000002
 3.8050000000000002


# name: oKSOLID
# type: scalar
9.7453000000000003


# name: oASOLUTION
# type: matrix
# rows: 9
# columns: 4
 1 0 0 0
 0 1 0 0
 0 0 1 0
 0 0 0 1
 -1 0 0 0
 0 0 1 1
 0 0 1 2
 0 0 1 3
 0 0 1 4


# name: oASOLID
# type: matrix
# rows: 1
# columns: 4
 0 0 1 1


