# Created by Octave 6.4.0, Fri May 03 21:06:23 2024 UTC <jovyan@8cbb9b44b63c>
# name: oKSOLUTION
# type: matrix
# rows: 5
# columns: 1
 0
 0
 0
 0
 -14


# name: oKSOLID
# type: scalar
9.7453000000000003


# name: oASOLUTION
# type: matrix
# rows: 5
# columns: 4
 1 0 0 0
 0 1 0 0
 0 0 1 0
 0 0 0 1
 -1 0 0 0


# name: oASOLID
# type: matrix
# rows: 1
# columns: 4
 0 0 1 1


