# Created by Octave 6.4.0, Sat May 04 15:16:25 2024 UTC <jovyan@d7fe81bfb56f>
# name: oKSOLUTION
# type: matrix
# rows: 5
# columns: 1
 0
 0
 0
 0
 -14


# name: oKSOLID
# type: scalar
9.7453000000000003


# name: oASOLUTION
# type: matrix
# rows: 5
# columns: 4
 1 0 0 0
 0 1 0 0
 0 0 1 0
 0 0 0 1
 -1 0 0 0


# name: oASOLID
# type: matrix
# rows: 1
# columns: 4
 0 0 1 1


