# Created by Octave 7.3.0, Tue May 07 11:14:52 2024 EDT <ssmith@DSS-Arco-Desktop>
# name: X
# type: matrix
# rows: 3
# columns: 1
 1.0000000000000001e-05
 1.0000000000000001e-05
 -0.2546999999999997


