# Created by Octave 7.3.0, Tue May 07 11:14:52 2024 EDT <ssmith@DSS-Arco-Desktop>
# name: Xguess
# type: matrix
# rows: 2
# columns: 1
 1.0000000000000001e-05
 1.0000000000000001e-05


