# Created by Octave 7.3.0, Tue May 07 11:38:56 2024 EDT <ssmith@DSS-Arco-Desktop>
# name: X
# type: matrix
# rows: 3
# columns: 1
 9.80911199990251e-06
 9.8089241641603563e-06
 -0.27144892980568308


