# Created by Octave 6.4.0, Wed May 08 01:22:50 2024 UTC <jovyan@d7fe81bfb56f>
# name: Xguess
# type: matrix
# rows: 2
# columns: 1
 9.80911199990251e-06
 9.8089241641603563e-06


