# Created by Octave 7.3.0, Tue May 07 16:38:53 2024 EDT <ssmith@DSS-Arco-Desktop>
# name: Xguess
# type: matrix
# rows: 2
# columns: 1
 4.3007637675585976e-10
 0.099998027403926187


