# Created by Octave 6.4.0, Tue May 07 15:20:00 2024 UTC <jovyan@d7fe81bfb56f>
# name: X
# type: matrix
# rows: 3
# columns: 1
 1.0000000000000001e-05
 1.0000000000000001e-05
 -0.2546999999999997


