# Created by Octave 7.3.0, Tue May 07 16:38:53 2024 EDT <ssmith@DSS-Arco-Desktop>
# name: X
# type: matrix
# rows: 3
# columns: 1
 4.3007637675523178e-10
 0.099998027403926132
 -0.62116297868811543


