# Created by Octave 7.3.0, Tue May 07 15:58:29 2024 EDT <ssmith@DSS-Arco-Desktop>
# name: Xguess
# type: matrix
# rows: 2
# columns: 1
 9.8367538050307693e-05
 8.3661677685459284e-06


