# Created by Octave 9.1.0, Fri May 03 14:35:42 2024 EDT <ssmith@DSS-Arco-Desktop>
# name: Xguess
# type: matrix
# rows: 2
# columns: 1
 1.0000000000000001e-05
 1.0000000000000001e-05


