# Created by Octave 7.3.0, Fri May 03 12:09:37 2024 EDT <ssmith@DSS-Arco-Desktop>
# name: Xguess
# type: matrix
# rows: 2
# columns: 1
 1.0000000000000001e-05
 1.0000000000000001e-05


