# Created by Octave 6.4.0, Fri May 03 21:06:23 2024 UTC <jovyan@8cbb9b44b63c>
# name: X
# type: matrix
# rows: 3
# columns: 1
 1.0000000000000001e-05
 1.0000000000000001e-05
 -0.2546999999999997


