# Created by Octave 7.3.0, Tue May 07 11:38:56 2024 EDT <ssmith@DSS-Arco-Desktop>
# name: Xguess
# type: matrix
# rows: 2
# columns: 1
 9.80911199990251e-06
 9.8089241641603563e-06


