# Created by Octave 7.3.0, Tue May 07 15:58:29 2024 EDT <ssmith@DSS-Arco-Desktop>
# name: X
# type: matrix
# rows: 3
# columns: 1
 9.195497102710373e-05
 1.9549010870532249e-06
 7.6886720135340735e-06


