# Created by Octave 9.1.0, Fri May 03 14:35:42 2024 EDT <ssmith@DSS-Arco-Desktop>
# name: X
# type: matrix
# rows: 3
# columns: 1
 1.0000000000000001e-05
 1.0000000000000001e-05
 -0.2546999999999997


