# Created by Octave 6.4.0, Mon May 06 21:19:58 2024 UTC <jovyan@d7fe81bfb56f>
# name: X
# type: matrix
# rows: 3
# columns: 1
 1.9973608208423076e-08
 0.0090000199736082077
 0.00099998002639179167


