# Created by Octave 7.3.0, Thu May 02 17:57:43 2024 EDT <ssmith@DSS-Arco-Desktop>
# name: X
# type: matrix
# rows: 3
# columns: 1
 7.1492174520268885e-09
 -2.1417414931452265
 -16.548068948750682


