# Created by Octave 7.3.0, Thu May 02 17:57:43 2024 EDT <ssmith@DSS-Arco-Desktop>
# name: Xguess
# type: scalar
7.1492174520272979e-09


