
exportforplot =

 Columns 1 through 6:

  -9.0000e+00  -2.0000e+00         -Inf  -9.0248e+00  -1.7278e+01  -2.7636e+01
  -8.9800e+00  -2.0000e+00         -Inf  -9.0048e+00  -1.7238e+01  -2.7576e+01
  -8.9600e+00  -2.0000e+00         -Inf  -8.9848e+00  -1.7198e+01  -2.7516e+01
  -8.9400e+00  -2.0000e+00         -Inf  -8.9648e+00  -1.7158e+01  -2.7456e+01
  -8.9200e+00  -2.0000e+00         -Inf  -8.9448e+00  -1.7118e+01  -2.7396e+01
  -8.9000e+00  -2.0000e+00         -Inf  -8.9248e+00  -1.7078e+01  -2.7336e+01
  -8.8800e+00  -2.0000e+00         -Inf  -8.9048e+00  -1.7038e+01  -2.7276e+01
  -8.8600e+00  -2.0000e+00         -Inf  -8.8848e+00  -1.6998e+01  -2.7216e+01
  -8.8400e+00  -2.0000e+00         -Inf  -8.8648e+00  -1.6958e+01  -2.7156e+01
  -8.8200e+00  -2.0000e+00         -Inf  -8.8448e+00  -1.6918e+01  -2.7096e+01
  -8.8000e+00  -2.0000e+00         -Inf  -8.8248e+00  -1.6878e+01  -2.7036e+01
  -8.7800e+00  -2.0000e+00         -Inf  -8.8048e+00  -1.6838e+01  -2.6976e+01
  -8.7600e+00  -2.0000e+00         -Inf  -8.7848e+00  -1.6798e+01  -2.6916e+01
  -8.7400e+00  -2.0000e+00         -Inf  -8.7648e+00  -1.6758e+01  -2.6856e+01
  -8.7200e+00  -2.0000e+00         -Inf  -8.7448e+00  -1.6718e+01  -2.6796e+01
  -8.7000e+00  -2.0000e+00         -Inf  -8.7248e+00  -1.6678e+01  -2.6736e+01
  -8.6800e+00  -2.0000e+00         -Inf  -8.7048e+00  -1.6638e+01  -2.6676e+01
  -8.6600e+00  -2.0000e+00         -Inf  -8.6848e+00  -1.6598e+01  -2.6616e+01
  -8.6400e+00  -2.0000e+00         -Inf  -8.6648e+00  -1.6558e+01  -2.6556e+01
  -8.6200e+00  -2.0000e+00         -Inf  -8.6448e+00  -1.6518e+01  -2.6496e+01
  -8.6000e+00  -2.0000e+00         -Inf  -8.6248e+00  -1.6478e+01  -2.6436e+01
  -8.5800e+00  -2.0000e+00         -Inf  -8.6048e+00  -1.6438e+01  -2.6376e+01
  -8.5600e+00  -2.0000e+00         -Inf  -8.5848e+00  -1.6398e+01  -2.6316e+01
  -8.5400e+00  -2.0000e+00         -Inf  -8.5648e+00  -1.6358e+01  -2.6256e+01
  -8.5200e+00  -2.0000e+00         -Inf  -8.5448e+00  -1.6318e+01  -2.6196e+01
  -8.5000e+00  -2.0000e+00         -Inf  -8.5248e+00  -1.6278e+01  -2.6136e+01
  -8.4800e+00  -2.0000e+00         -Inf  -8.5048e+00  -1.6238e+01  -2.6076e+01
  -8.4600e+00  -2.0000e+00         -Inf  -8.4848e+00  -1.6198e+01  -2.6016e+01
  -8.4400e+00  -2.0000e+00         -Inf  -8.4648e+00  -1.6158e+01  -2.5956e+01
  -8.4200e+00  -2.0000e+00         -Inf  -8.4448e+00  -1.6118e+01  -2.5896e+01
  -8.4000e+00  -2.0000e+00         -Inf  -8.4248e+00  -1.6078e+01  -2.5836e+01
  -8.3800e+00  -2.0000e+00         -Inf  -8.4048e+00  -1.6038e+01  -2.5776e+01
  -8.3600e+00  -2.0000e+00         -Inf  -8.3848e+00  -1.5998e+01  -2.5716e+01
  -8.3400e+00  -2.0000e+00         -Inf  -8.3648e+00  -1.5958e+01  -2.5656e+01
  -8.3200e+00  -2.0000e+00         -Inf  -8.3448e+00  -1.5918e+01  -2.5596e+01
  -8.3000e+00  -2.0000e+00         -Inf  -8.3248e+00  -1.5878e+01  -2.5536e+01
  -8.2800e+00  -2.0000e+00         -Inf  -8.3048e+00  -1.5838e+01  -2.5476e+01
  -8.2600e+00  -2.0000e+00         -Inf  -8.2848e+00  -1.5798e+01  -2.5416e+01
  -8.2400e+00  -2.0000e+00         -Inf  -8.2648e+00  -1.5758e+01  -2.5356e+01
  -8.2200e+00  -2.0000e+00         -Inf  -8.2448e+00  -1.5718e+01  -2.5296e+01
  -8.2000e+00  -2.0000e+00         -Inf  -8.2248e+00  -1.5678e+01  -2.5236e+01
  -8.1800e+00  -2.0000e+00         -Inf  -8.2048e+00  -1.5638e+01  -2.5176e+01
  -8.1600e+00  -2.0000e+00         -Inf  -8.1848e+00  -1.5598e+01  -2.5116e+01
  -8.1400e+00  -2.0000e+00         -Inf  -8.1648e+00  -1.5558e+01  -2.5056e+01
  -8.1200e+00  -2.0000e+00         -Inf  -8.1448e+00  -1.5518e+01  -2.4996e+01
  -8.1000e+00  -2.0000e+00         -Inf  -8.1248e+00  -1.5478e+01  -2.4936e+01
  -8.0800e+00  -2.0000e+00         -Inf  -8.1048e+00  -1.5438e+01  -2.4876e+01
  -8.0600e+00  -2.0000e+00         -Inf  -8.0848e+00  -1.5398e+01  -2.4816e+01
  -8.0400e+00  -2.0000e+00         -Inf  -8.0648e+00  -1.5358e+01  -2.4756e+01
  -8.0200e+00  -2.0000e+00         -Inf  -8.0448e+00  -1.5318e+01  -2.4696e+01
  -8.0000e+00  -2.0000e+00         -Inf  -8.0248e+00  -1.5278e+01  -2.4636e+01
  -7.9800e+00  -2.0000e+00         -Inf  -8.0048e+00  -1.5238e+01  -2.4576e+01
  -7.9600e+00  -2.0000e+00         -Inf  -7.9848e+00  -1.5198e+01  -2.4516e+01
  -7.9400e+00  -2.0000e+00         -Inf  -7.9648e+00  -1.5158e+01  -2.4456e+01
  -7.9200e+00  -2.0000e+00         -Inf  -7.9448e+00  -1.5118e+01  -2.4396e+01
  -7.9000e+00  -2.0000e+00         -Inf  -7.9248e+00  -1.5078e+01  -2.4336e+01
  -7.8800e+00  -2.0000e+00         -Inf  -7.9048e+00  -1.5038e+01  -2.4276e+01
  -7.8600e+00  -2.0000e+00         -Inf  -7.8848e+00  -1.4998e+01  -2.4216e+01
  -7.8400e+00  -2.0000e+00         -Inf  -7.8648e+00  -1.4958e+01  -2.4156e+01
  -7.8200e+00  -2.0000e+00         -Inf  -7.8448e+00  -1.4918e+01  -2.4096e+01
  -7.8000e+00  -2.0000e+00         -Inf  -7.8248e+00  -1.4878e+01  -2.4036e+01
  -7.7800e+00  -2.0000e+00         -Inf  -7.8048e+00  -1.4838e+01  -2.3976e+01
  -7.7600e+00  -2.0000e+00         -Inf  -7.7848e+00  -1.4798e+01  -2.3916e+01
  -7.7400e+00  -2.0000e+00         -Inf  -7.7648e+00  -1.4758e+01  -2.3856e+01
  -7.7200e+00  -2.0000e+00         -Inf  -7.7448e+00  -1.4718e+01  -2.3796e+01
  -7.7000e+00  -2.0000e+00         -Inf  -7.7248e+00  -1.4678e+01  -2.3736e+01
  -7.6800e+00  -2.0000e+00         -Inf  -7.7048e+00  -1.4638e+01  -2.3676e+01
  -7.6600e+00  -2.0000e+00         -Inf  -7.6848e+00  -1.4598e+01  -2.3616e+01
  -7.6400e+00  -2.0000e+00         -Inf  -7.6648e+00  -1.4558e+01  -2.3556e+01
  -7.6200e+00  -2.0000e+00         -Inf  -7.6448e+00  -1.4518e+01  -2.3496e+01
  -7.6000e+00  -2.0000e+00         -Inf  -7.6248e+00  -1.4478e+01  -2.3436e+01
  -7.5800e+00  -2.0000e+00         -Inf  -7.6048e+00  -1.4438e+01  -2.3376e+01
  -7.5600e+00  -2.0000e+00         -Inf  -7.5848e+00  -1.4398e+01  -2.3316e+01
  -7.5400e+00  -2.0000e+00         -Inf  -7.5648e+00  -1.4358e+01  -2.3256e+01
  -7.5200e+00  -2.0000e+00         -Inf  -7.5448e+00  -1.4318e+01  -2.3196e+01
  -7.5000e+00  -2.0000e+00         -Inf  -7.5248e+00  -1.4278e+01  -2.3136e+01
  -7.4800e+00  -2.0000e+00         -Inf  -7.5048e+00  -1.4238e+01  -2.3076e+01
  -7.4600e+00  -2.0000e+00         -Inf  -7.4848e+00  -1.4198e+01  -2.3016e+01
  -7.4400e+00  -2.0000e+00         -Inf  -7.4648e+00  -1.4158e+01  -2.2956e+01
  -7.4200e+00  -2.0000e+00         -Inf  -7.4448e+00  -1.4118e+01  -2.2896e+01
  -7.4000e+00  -2.0000e+00         -Inf  -7.4248e+00  -1.4078e+01  -2.2836e+01
  -7.3800e+00  -2.0000e+00         -Inf  -7.4048e+00  -1.4038e+01  -2.2776e+01
  -7.3600e+00  -2.0000e+00         -Inf  -7.3848e+00  -1.3998e+01  -2.2716e+01
  -7.3400e+00  -2.0000e+00         -Inf  -7.3648e+00  -1.3958e+01  -2.2656e+01
  -7.3200e+00  -2.0000e+00         -Inf  -7.3448e+00  -1.3918e+01  -2.2596e+01
  -7.3000e+00  -2.0000e+00         -Inf  -7.3248e+00  -1.3878e+01  -2.2536e+01
  -7.2800e+00  -2.0000e+00         -Inf  -7.3048e+00  -1.3838e+01  -2.2476e+01
  -7.2600e+00  -2.0000e+00         -Inf  -7.2848e+00  -1.3798e+01  -2.2416e+01
  -7.2400e+00  -2.0000e+00         -Inf  -7.2648e+00  -1.3758e+01  -2.2356e+01
  -7.2200e+00  -2.0000e+00         -Inf  -7.2448e+00  -1.3718e+01  -2.2296e+01
  -7.2000e+00  -2.0000e+00         -Inf  -7.2248e+00  -1.3678e+01  -2.2236e+01
  -7.1800e+00  -2.0000e+00         -Inf  -7.2048e+00  -1.3638e+01  -2.2176e+01
  -7.1600e+00  -2.0000e+00         -Inf  -7.1848e+00  -1.3598e+01  -2.2116e+01
  -7.1400e+00  -2.0000e+00         -Inf  -7.1648e+00  -1.3558e+01  -2.2056e+01
  -7.1200e+00  -2.0000e+00         -Inf  -7.1448e+00  -1.3518e+01  -2.1996e+01
  -7.1000e+00  -2.0000e+00         -Inf  -7.1248e+00  -1.3478e+01  -2.1936e+01
  -7.0800e+00  -2.0000e+00         -Inf  -7.1048e+00  -1.3438e+01  -2.1876e+01
  -7.0600e+00  -2.0000e+00         -Inf  -7.0848e+00  -1.3398e+01  -2.1816e+01
  -7.0400e+00  -2.0000e+00         -Inf  -7.0648e+00  -1.3358e+01  -2.1756e+01
  -7.0200e+00  -2.0000e+00         -Inf  -7.0448e+00  -1.3318e+01  -2.1696e+01
